[H1]02|MADEGOM|CREATE|LTL/TL|OS00017593|TTRAN|||||TRANSFERENCIAS|||1|0.0|0.0|0.00|20160726000000||
[H2]1|1|||1|0.0|0.0|0.00|BOD54||||||||||||BOD54|||||||||||||BOD54_260720161450|20160726000000||20160726000000|||||||||||||2||||||CTN0000057931|8055905|8055905|||||||0|0|0||||False|UNITS|2500|||80559052451|20210530000000|||||||0.00|0.00|0.0||||||||||||0|0|0|0|0|0.00|0.00|0.00|0.00|0.00|||||||||||||||||||||0|0|0|0|0|0.00|0.00|0.00|0.00|0.00|||||||||||||||||||
[H2]2|1|||1|0.0|0.0|0.00|BOD54||||||||||||BOD54|||||||||||||BOD54_260720161450|20160726000000||20160726000000|||||||||||||6||||||CTN0000057931|8055904|8055904|||||||0|0|0||||False|UNITS|6000|||80559042453|20210530000000|||||||0.00|0.00|0.0||||||||||||0|0|0|0|0|0.00|0.00|0.00|0.00|0.00|||||||||||||||||||||0|0|0|0|0|0.00|0.00|0.00|0.00|0.00|||||||||||||||||||
[H2]3|1|||1|0.0|0.0|0.00|BOD54||||||||||||BOD54|||||||||||||BOD54_260720161450|20160726000000||20160726000000|||||||||||||2||||||CTN0000057931|8055905|8055905|||||||0|0|0||||False|UNITS|3500|||80559052453|20210130000000|||||||0.00|0.00|0.0||||||||||||0|0|0|0|0|0.00|0.00|0.00|0.00|0.00|||||||||||||||||||||0|0|0|0|0|0.00|0.00|0.00|0.00|0.00|||||||||||||||||||
[H2]4|1|||1|0.0|0.0|0.00|BOD54||||||||||||BOD54|||||||||||||BOD54_260720161450|20160726000000||20160726000000|||||||||||||5||||||CTN0000057931|IMA0037|IMA0037|||||||0|0|0||||False|UNITS|3240||||20201212000000|||||||0.00|0.00|0.0||||||||||||0|0|0|0|0|0.00|0.00|0.00|0.00|0.00|||||||||||||||||||||0|0|0|0|0|0.00|0.00|0.00|0.00|0.00|||||||||||||||||||
[H2]5|1|||1|0.0|0.0|0.00|BOD54||||||||||||BOD54|||||||||||||BOD54_260720161450|20160726000000||20160726000000|||||||||||||1||||||CTN0000057931|80A2623|80A2623|||||||0|0|0||||False|UNITS|2750|||16124|20210718000000|||||||0.00|0.00|0.0||||||||||||0|0|0|0|0|0.00|0.00|0.00|0.00|0.00|||||||||||||||||||||0|0|0|0|0|0.00|0.00|0.00|0.00|0.00|||||||||||||||||||
[H2]6|1|||1|0.0|0.0|0.00|BOD54||||||||||||BOD54|||||||||||||BOD54_260720161450|20160726000000||20160726000000|||||||||||||1||||||CTN0000057931|80A2623|80A2623|||||||0|0|0||||False|UNITS|3250|||16124|20210717000000|||||||0.00|0.00|0.0||||||||||||0|0|0|0|0|0.00|0.00|0.00|0.00|0.00|||||||||||||||||||||0|0|0|0|0|0.00|0.00|0.00|0.00|0.00|||||||||||||||||||
[H2]7|1|||1|0.0|0.0|0.00|BOD54||||||||||||BOD54|||||||||||||BOD54_260720161450|20160726000000||20160726000000|||||||||||||5||||||CTN0000057931|IMA0037|IMA0037|||||||0|0|0||||False|UNITS|2520||||20210630000000|||||||0.00|0.00|0.0||||||||||||0|0|0|0|0|0.00|0.00|0.00|0.00|0.00|||||||||||||||||||||0|0|0|0|0|0.00|0.00|0.00|0.00|0.00|||||||||||||||||||
[H2]8|1|||1|0.0|0.0|0.00|BOD54||||||||||||BOD54|||||||||||||BOD54_260720161450|20160726000000||20160726000000|||||||||||||3||||||CTN0000057931|GTE1410|GTE1410|||||||0|0|0||||False|UNITS|6000|||GTE14102396|20210430000000|||||||0.00|0.00|0.0||||||||||||0|0|0|0|0|0.00|0.00|0.00|0.00|0.00|||||||||||||||||||||0|0|0|0|0|0.00|0.00|0.00|0.00|0.00|||||||||||||||||||
[H2]9|1|||1|0.0|0.0|0.00|BOD54||||||||||||BOD54|||||||||||||BOD54_260720161450|20160726000000||20160726000000|||||||||||||4||||||CTN0000057931|GTE1413|GTE1413|||||||0|0|0||||False|UNITS|10000|||GTE14132396|20210430000000|||||||0.00|0.00|0.0||||||||||||0|0|0|0|0|0.00|0.00|0.00|0.00|0.00|||||||||||||||||||||0|0|0|0|0|0.00|0.00|0.00|0.00|0.00|||||||||||||||||||
